single point
 backfill_mult                      0.9999999688848998    1.000000000000000    0.000000000000000
  channel_mult                      0.9999998086310967    1.000000000000000    0.000000000000000
  ghbcond_mult                      1.000000121872389    1.000000000000000    0.000000000000000
  pp_lower_001                      5.551154687284685e-07    1.000000000000000    0.000000000000000
  pp_lower_002                      3.149383584905999e-07    1.000000000000000    0.000000000000000
  pp_lower_003                      -5.263750751136172e-07    1.000000000000000    0.000000000000000
  pp_lower_004                      -7.382090411198147e-07    1.000000000000000    0.000000000000000
  pp_lower_005                      -3.101289850099244e-07    1.000000000000000    0.000000000000000
  pp_lower_006                      4.978346304992632e-07    1.000000000000000    0.000000000000000
  pp_lower_007                      2.281034219860559e-07    1.000000000000000    0.000000000000000
  pp_lower_008                      1.799810379996413e-07    1.000000000000000    0.000000000000000
  pp_lower_009                      -2.336114277635824e-07    1.000000000000000    0.000000000000000
  pp_lower_010                      -7.264009737237247e-07    1.000000000000000    0.000000000000000
  pp_lower_011                      1.830102032277198e-07    1.000000000000000    0.000000000000000
  pp_lower_012                      6.670688119637853e-07    1.000000000000000    0.000000000000000
  pp_lower_013                      9.107142460716936e-07    1.000000000000000    0.000000000000000
  pp_lower_014                      -9.988518241480114e-08    1.000000000000000    0.000000000000000
  pp_lower_015                      -1.908615789525146e-06    1.000000000000000    0.000000000000000
   pp_main_001                      -6.291386517437703e-07    1.000000000000000    0.000000000000000
   pp_main_002                      7.972577776265366e-07    1.000000000000000    0.000000000000000
   pp_main_003                      -6.996737615617658e-08    1.000000000000000    0.000000000000000
   pp_main_004                      7.633325690361616e-07    1.000000000000000    0.000000000000000
   pp_main_005                      -4.188551115637685e-08    1.000000000000000    0.000000000000000
   pp_main_006                      9.103756694166375e-07    1.000000000000000    0.000000000000000
   pp_main_007                      -1.115159089540714e-06    1.000000000000000    0.000000000000000
   pp_main_008                      4.122533569877639e-07    1.000000000000000    0.000000000000000
   pp_main_009                      -9.049726514341560e-08    1.000000000000000    0.000000000000000
   pp_main_010                      3.687589503521874e-08    1.000000000000000    0.000000000000000
   pp_main_011                      9.261551733724987e-07    1.000000000000000    0.000000000000000
   pp_main_012                      5.083950876471274e-07    1.000000000000000    0.000000000000000
   pp_main_013                      6.662875714180944e-07    1.000000000000000    0.000000000000000
   pp_main_014                      3.365786985046584e-07    1.000000000000000    0.000000000000000
   pp_main_015                      -7.865601906331469e-07    1.000000000000000    0.000000000000000
   pp_main_016                      3.563732002317083e-08    1.000000000000000    0.000000000000000
   pp_main_017                      -1.325692070463218e-06    1.000000000000000    0.000000000000000
   pp_main_018                      -3.587887381023155e-07    1.000000000000000    0.000000000000000
   pp_main_019                      -8.587036702249548e-07    1.000000000000000    0.000000000000000
   pp_main_020                      -3.026078410884246e-07    1.000000000000000    0.000000000000000
   pp_main_021                      5.315210368783618e-08    1.000000000000000    0.000000000000000
   pp_main_022                      1.826343622957001e-07    1.000000000000000    0.000000000000000
   pp_main_023                      -3.577627464288698e-07    1.000000000000000    0.000000000000000
   pp_main_024                      1.177741051547268e-06    1.000000000000000    0.000000000000000
   pp_main_025                      2.220702155779857e-06    1.000000000000000    0.000000000000000
   pp_main_026                      2.105442474802578e-06    1.000000000000000    0.000000000000000
   pp_main_027                      4.266040381018210e-07    1.000000000000000    0.000000000000000
   pp_main_028                      7.362002493864416e-07    1.000000000000000    0.000000000000000
   pp_main_029                      1.648244661531206e-07    1.000000000000000    0.000000000000000
   pp_main_030                      7.903042763908350e-07    1.000000000000000    0.000000000000000
   pp_main_031                      2.053221276926808e-06    1.000000000000000    0.000000000000000
   pp_main_032                      1.418505143724348e-06    1.000000000000000    0.000000000000000
   pp_main_033                      9.842265922443628e-07    1.000000000000000    0.000000000000000
   pp_main_034                      9.509506811335240e-07    1.000000000000000    0.000000000000000
   pp_main_035                      2.421538786287436e-06    1.000000000000000    0.000000000000000
  pp_upper_001                      -6.524057141621968e-07    1.000000000000000    0.000000000000000
  pp_upper_002                      1.443130053005970e-07    1.000000000000000    0.000000000000000
  pp_upper_003                      -4.730657984716275e-07    1.000000000000000    0.000000000000000
  pp_upper_004                      1.466013916066921e-08    1.000000000000000    0.000000000000000
  pp_upper_005                      8.368009383509726e-08    1.000000000000000    0.000000000000000
  pp_upper_006                      -8.129204235188209e-07    1.000000000000000    0.000000000000000
  pp_upper_007                      -4.008155594636457e-07    1.000000000000000    0.000000000000000
  pp_upper_008                      -4.859927133129465e-07    1.000000000000000    0.000000000000000
  pp_upper_009                      1.266398896270257e-06    1.000000000000000    0.000000000000000
  pp_upper_010                      6.646268596577910e-07    1.000000000000000    0.000000000000000
  pp_upper_011                      3.176981614033739e-07    1.000000000000000    0.000000000000000
  pp_upper_012                      -2.061685923177569e-07    1.000000000000000    0.000000000000000
  pp_upper_013                      -3.038269918871791e-07    1.000000000000000    0.000000000000000
  pp_upper_014                      8.609075738519689e-07    1.000000000000000    0.000000000000000
  pp_upper_015                      1.541716012717546e-06    1.000000000000000    0.000000000000000
      rch_mult                      0.9999998182045182    1.000000000000000    0.000000000000000
riverbedk_mult                      0.9999998659109844    1.000000000000000    0.000000000000000
