single point
 backfill_mult                      0.9999999999987177    1.000000000000000    0.000000000000000
  channel_mult                      1.000000000035689    1.000000000000000    0.000000000000000
  ghbcond_mult                      1.000000000000750    1.000000000000000    0.000000000000000
  pp_lower_001                      5.401032984910909e-11    1.000000000000000    0.000000000000000
  pp_lower_002                      6.474243242241565e-11    1.000000000000000    0.000000000000000
  pp_lower_003                      6.566271433046218e-11    1.000000000000000    0.000000000000000
  pp_lower_004                      1.920488846117728e-11    1.000000000000000    0.000000000000000
  pp_lower_005                      3.025205458961725e-11    1.000000000000000    0.000000000000000
  pp_lower_006                      6.656380555540598e-11    1.000000000000000    0.000000000000000
  pp_lower_007                      7.003064093820515e-11    1.000000000000000    0.000000000000000
  pp_lower_008                      9.282355061655105e-11    1.000000000000000    0.000000000000000
  pp_lower_009                      3.728570171085716e-11    1.000000000000000    0.000000000000000
  pp_lower_010                      2.953416032654008e-12    1.000000000000000    0.000000000000000
  pp_lower_011                      8.300942140835783e-11    1.000000000000000    0.000000000000000
  pp_lower_012                      8.178779568279070e-11    1.000000000000000    0.000000000000000
  pp_lower_013                      2.096748435338649e-11    1.000000000000000    0.000000000000000
  pp_lower_014                      1.398714081435630e-11    1.000000000000000    0.000000000000000
  pp_lower_015                      6.341158940203585e-12    1.000000000000000    0.000000000000000
   pp_main_001                      -4.114261372072385e-11    1.000000000000000    0.000000000000000
   pp_main_002                      1.463908902665257e-12    1.000000000000000    0.000000000000000
   pp_main_003                      -5.339361220173473e-11    1.000000000000000    0.000000000000000
   pp_main_004                      5.252925517893011e-11    1.000000000000000    0.000000000000000
   pp_main_005                      2.314809600391605e-11    1.000000000000000    0.000000000000000
   pp_main_006                      4.396023796241216e-11    1.000000000000000    0.000000000000000
   pp_main_007                      1.996618929442465e-11    1.000000000000000    0.000000000000000
   pp_main_008                      -1.307168161412506e-11    1.000000000000000    0.000000000000000
   pp_main_009                      2.618677286410877e-11    1.000000000000000    0.000000000000000
   pp_main_010                      -1.121490562126532e-11    1.000000000000000    0.000000000000000
   pp_main_011                      5.298997368797030e-11    1.000000000000000    0.000000000000000
   pp_main_012                      3.889648395245526e-11    1.000000000000000    0.000000000000000
   pp_main_013                      8.317507038706297e-11    1.000000000000000    0.000000000000000
   pp_main_014                      1.430289478302720e-11    1.000000000000000    0.000000000000000
   pp_main_015                      2.375943964221295e-11    1.000000000000000    0.000000000000000
   pp_main_016                      -3.953878545958899e-11    1.000000000000000    0.000000000000000
   pp_main_017                      -6.091597706385985e-11    1.000000000000000    0.000000000000000
   pp_main_018                      2.111490567629599e-11    1.000000000000000    0.000000000000000
   pp_main_019                      -1.061584062015963e-11    1.000000000000000    0.000000000000000
   pp_main_020                      -4.587985983724958e-11    1.000000000000000    0.000000000000000
   pp_main_021                      -3.380986417787091e-11    1.000000000000000    0.000000000000000
   pp_main_022                      3.084121391191943e-11    1.000000000000000    0.000000000000000
   pp_main_023                      2.151969765673293e-11    1.000000000000000    0.000000000000000
   pp_main_024                      -3.626316438216431e-11    1.000000000000000    0.000000000000000
   pp_main_025                      -2.296861071028805e-12    1.000000000000000    0.000000000000000
   pp_main_026                      2.303756076977501e-11    1.000000000000000    0.000000000000000
   pp_main_027                      3.282975107592760e-11    1.000000000000000    0.000000000000000
   pp_main_028                      3.195004590584900e-11    1.000000000000000    0.000000000000000
   pp_main_029                      4.870442907000083e-12    1.000000000000000    0.000000000000000
   pp_main_030                      4.736297257612229e-11    1.000000000000000    0.000000000000000
   pp_main_031                      3.493948023568377e-11    1.000000000000000    0.000000000000000
   pp_main_032                      1.757075189631417e-11    1.000000000000000    0.000000000000000
   pp_main_033                      4.501481463117349e-11    1.000000000000000    0.000000000000000
   pp_main_034                      3.790063323466093e-11    1.000000000000000    0.000000000000000
   pp_main_035                      3.626192814674426e-11    1.000000000000000    0.000000000000000
  pp_upper_001                      5.004321929421849e-12    1.000000000000000    0.000000000000000
  pp_upper_002                      -7.591573117756786e-12    1.000000000000000    0.000000000000000
  pp_upper_003                      -2.008810577947897e-11    1.000000000000000    0.000000000000000
  pp_upper_004                      2.516260222246645e-11    1.000000000000000    0.000000000000000
  pp_upper_005                      2.740527328410155e-11    1.000000000000000    0.000000000000000
  pp_upper_006                      1.885443525990579e-11    1.000000000000000    0.000000000000000
  pp_upper_007                      2.538132382623700e-12    1.000000000000000    0.000000000000000
  pp_upper_008                      -3.138494805812287e-11    1.000000000000000    0.000000000000000
  pp_upper_009                      -1.165610220090983e-11    1.000000000000000    0.000000000000000
  pp_upper_010                      -1.775961467259171e-11    1.000000000000000    0.000000000000000
  pp_upper_011                      -3.014138872360722e-11    1.000000000000000    0.000000000000000
  pp_upper_012                      -1.801077389566381e-11    1.000000000000000    0.000000000000000
  pp_upper_013                      -1.784976871213593e-11    1.000000000000000    0.000000000000000
  pp_upper_014                      1.879503213945058e-11    1.000000000000000    0.000000000000000
  pp_upper_015                      2.182867129508048e-11    1.000000000000000    0.000000000000000
      rch_mult                      0.9999999999964365    1.000000000000000    0.000000000000000
riverbedk_mult                      1.000000000042247    1.000000000000000    0.000000000000000
