single point
 backfill_mult                      1.000000000032057    1.000000000000000    0.000000000000000
  channel_mult                      0.9999999999699749    1.000000000000000    0.000000000000000
  ghbcond_mult                      1.000000000006434    1.000000000000000    0.000000000000000
  pp_lower_001                      3.895408025522344e-11    1.000000000000000    0.000000000000000
  pp_lower_002                      -3.819326458588051e-11    1.000000000000000    0.000000000000000
  pp_lower_003                      -2.543839371053320e-11    1.000000000000000    0.000000000000000
  pp_lower_004                      1.136343792384032e-11    1.000000000000000    0.000000000000000
  pp_lower_005                      5.151387360989208e-11    1.000000000000000    0.000000000000000
  pp_lower_006                      9.644838530756891e-11    1.000000000000000    0.000000000000000
  pp_lower_007                      -1.659109936807084e-11    1.000000000000000    0.000000000000000
  pp_lower_008                      7.628690961741776e-11    1.000000000000000    0.000000000000000
  pp_lower_009                      9.835882902176903e-11    1.000000000000000    0.000000000000000
  pp_lower_010                      1.154082510492997e-10    1.000000000000000    0.000000000000000
  pp_lower_011                      2.463938286070795e-11    1.000000000000000    0.000000000000000
  pp_lower_012                      5.560077818507129e-11    1.000000000000000    0.000000000000000
  pp_lower_013                      1.415708231352116e-10    1.000000000000000    0.000000000000000
  pp_lower_014                      7.947678997318013e-11    1.000000000000000    0.000000000000000
  pp_lower_015                      9.018604271715717e-11    1.000000000000000    0.000000000000000
   pp_main_001                      8.748877234366516e-11    1.000000000000000    0.000000000000000
   pp_main_002                      4.540617766489001e-11    1.000000000000000    0.000000000000000
   pp_main_003                      -7.538124220453932e-11    1.000000000000000    0.000000000000000
   pp_main_004                      -5.257724240249726e-11    1.000000000000000    0.000000000000000
   pp_main_005                      4.876368725901146e-11    1.000000000000000    0.000000000000000
   pp_main_006                      -2.284259608478904e-11    1.000000000000000    0.000000000000000
   pp_main_007                      2.849830832719215e-11    1.000000000000000    0.000000000000000
   pp_main_008                      1.619744718389648e-11    1.000000000000000    0.000000000000000
   pp_main_009                      -9.647399886928067e-12    1.000000000000000    0.000000000000000
   pp_main_010                      -5.835767601355066e-11    1.000000000000000    0.000000000000000
   pp_main_011                      -1.842656301819642e-11    1.000000000000000    0.000000000000000
   pp_main_012                      2.316016694581926e-11    1.000000000000000    0.000000000000000
   pp_main_013                      9.183539055521720e-11    1.000000000000000    0.000000000000000
   pp_main_014                      6.920106224042914e-11    1.000000000000000    0.000000000000000
   pp_main_015                      8.740081064153545e-11    1.000000000000000    0.000000000000000
   pp_main_016                      -1.917282802874931e-11    1.000000000000000    0.000000000000000
   pp_main_017                      -5.500102839439419e-11    1.000000000000000    0.000000000000000
   pp_main_018                      -3.509193302226467e-11    1.000000000000000    0.000000000000000
   pp_main_019                      -8.023671285880797e-12    1.000000000000000    0.000000000000000
   pp_main_020                      1.873505025649745e-10    1.000000000000000    0.000000000000000
   pp_main_021                      2.027907113374545e-10    1.000000000000000    0.000000000000000
   pp_main_022                      8.287265719072256e-11    1.000000000000000    0.000000000000000
   pp_main_023                      1.119966297376868e-10    1.000000000000000    0.000000000000000
   pp_main_024                      -6.859484667179727e-11    1.000000000000000    0.000000000000000
   pp_main_025                      2.878723985650039e-11    1.000000000000000    0.000000000000000
   pp_main_026                      1.101180034411645e-11    1.000000000000000    0.000000000000000
   pp_main_027                      1.216563082383659e-10    1.000000000000000    0.000000000000000
   pp_main_028                      1.431620382946802e-10    1.000000000000000    0.000000000000000
   pp_main_029                      8.135328095884509e-11    1.000000000000000    0.000000000000000
   pp_main_030                      5.063405679689586e-11    1.000000000000000    0.000000000000000
   pp_main_031                      5.981401631069452e-11    1.000000000000000    0.000000000000000
   pp_main_032                      4.292950028710512e-11    1.000000000000000    0.000000000000000
   pp_main_033                      1.013855195657850e-10    1.000000000000000    0.000000000000000
   pp_main_034                      -4.772694400371566e-11    1.000000000000000    0.000000000000000
   pp_main_035                      1.002306556302847e-11    1.000000000000000    0.000000000000000
  pp_upper_001                      -6.310596807932188e-11    1.000000000000000    0.000000000000000
  pp_upper_002                      3.435708687219461e-11    1.000000000000000    0.000000000000000
  pp_upper_003                      2.431281395752456e-11    1.000000000000000    0.000000000000000
  pp_upper_004                      2.942646365079319e-12    1.000000000000000    0.000000000000000
  pp_upper_005                      6.253887524342587e-11    1.000000000000000    0.000000000000000
  pp_upper_006                      5.212794361489283e-11    1.000000000000000    0.000000000000000
  pp_upper_007                      -6.996709628978102e-12    1.000000000000000    0.000000000000000
  pp_upper_008                      1.357479922566498e-11    1.000000000000000    0.000000000000000
  pp_upper_009                      2.844015570622593e-11    1.000000000000000    0.000000000000000
  pp_upper_010                      1.339423290791517e-10    1.000000000000000    0.000000000000000
  pp_upper_011                      5.920686285223025e-11    1.000000000000000    0.000000000000000
  pp_upper_012                      3.106440218810865e-11    1.000000000000000    0.000000000000000
  pp_upper_013                      1.330960221466359e-10    1.000000000000000    0.000000000000000
  pp_upper_014                      9.418486327645508e-11    1.000000000000000    0.000000000000000
  pp_upper_015                      6.915456190574522e-11    1.000000000000000    0.000000000000000
      rch_mult                      1.000000000015262    1.000000000000000    0.000000000000000
riverbedk_mult                      0.9999999999628356    1.000000000000000    0.000000000000000
