single point
 backfill_mult                      1.000000000009121    1.000000000000000    0.000000000000000
  channel_mult                      1.000000000028414    1.000000000000000    0.000000000000000
  ghbcond_mult                      0.9999999999753039    1.000000000000000    0.000000000000000
  pp_lower_001                      -4.607016626528530e-11    1.000000000000000    0.000000000000000
  pp_lower_002                      -9.387661830937957e-11    1.000000000000000    0.000000000000000
  pp_lower_003                      -8.472773223176324e-11    1.000000000000000    0.000000000000000
  pp_lower_004                      1.607521847018542e-11    1.000000000000000    0.000000000000000
  pp_lower_005                      -2.287791394492961e-11    1.000000000000000    0.000000000000000
  pp_lower_006                      -3.662027623500721e-11    1.000000000000000    0.000000000000000
  pp_lower_007                      -1.012211342279244e-10    1.000000000000000    0.000000000000000
  pp_lower_008                      -7.304747928823223e-11    1.000000000000000    0.000000000000000
  pp_lower_009                      -5.014273729774748e-11    1.000000000000000    0.000000000000000
  pp_lower_010                      -3.171608671245317e-11    1.000000000000000    0.000000000000000
  pp_lower_011                      -6.437085266077144e-11    1.000000000000000    0.000000000000000
  pp_lower_012                      -1.425735501632274e-10    1.000000000000000    0.000000000000000
  pp_lower_013                      -6.476783788371241e-11    1.000000000000000    0.000000000000000
  pp_lower_014                      -9.449926289407645e-11    1.000000000000000    0.000000000000000
  pp_lower_015                      -9.858279612899501e-11    1.000000000000000    0.000000000000000
   pp_main_001                      -3.917230513925187e-11    1.000000000000000    0.000000000000000
   pp_main_002                      -3.883435049518365e-12    1.000000000000000    0.000000000000000
   pp_main_003                      8.407075480990653e-12    1.000000000000000    0.000000000000000
   pp_main_004                      7.341531610879215e-12    1.000000000000000    0.000000000000000
   pp_main_005                      -8.862313286013167e-11    1.000000000000000    0.000000000000000
   pp_main_006                      -6.788564203916721e-11    1.000000000000000    0.000000000000000
   pp_main_007                      -1.250531054475940e-11    1.000000000000000    0.000000000000000
   pp_main_008                      -4.569293577016747e-11    1.000000000000000    0.000000000000000
   pp_main_009                      4.099794544857693e-11    1.000000000000000    0.000000000000000
   pp_main_010                      2.545843996181111e-11    1.000000000000000    0.000000000000000
   pp_main_011                      -4.334617538373279e-11    1.000000000000000    0.000000000000000
   pp_main_012                      -7.031424377408341e-11    1.000000000000000    0.000000000000000
   pp_main_013                      -5.029134976083621e-11    1.000000000000000    0.000000000000000
   pp_main_014                      8.118568536467339e-11    1.000000000000000    0.000000000000000
   pp_main_015                      2.950543960409344e-11    1.000000000000000    0.000000000000000
   pp_main_016                      3.413790769015758e-11    1.000000000000000    0.000000000000000
   pp_main_017                      -1.305502496779156e-11    1.000000000000000    0.000000000000000
   pp_main_018                      4.929480972832624e-11    1.000000000000000    0.000000000000000
   pp_main_019                      4.519712945080209e-11    1.000000000000000    0.000000000000000
   pp_main_020                      2.469313278239164e-11    1.000000000000000    0.000000000000000
   pp_main_021                      5.438101756316721e-11    1.000000000000000    0.000000000000000
   pp_main_022                      7.519498800597438e-12    1.000000000000000    0.000000000000000
   pp_main_023                      2.075123552917616e-12    1.000000000000000    0.000000000000000
   pp_main_024                      -6.497100638613449e-12    1.000000000000000    0.000000000000000
   pp_main_025                      1.874762553319316e-11    1.000000000000000    0.000000000000000
   pp_main_026                      -4.718677262506325e-11    1.000000000000000    0.000000000000000
   pp_main_027                      -1.561636563204801e-10    1.000000000000000    0.000000000000000
   pp_main_028                      -8.038110997567335e-11    1.000000000000000    0.000000000000000
   pp_main_029                      -3.316581744149673e-11    1.000000000000000    0.000000000000000
   pp_main_030                      -2.767977843429220e-11    1.000000000000000    0.000000000000000
   pp_main_031                      -7.627206853845166e-11    1.000000000000000    0.000000000000000
   pp_main_032                      -1.465070167277792e-10    1.000000000000000    0.000000000000000
   pp_main_033                      -1.023432372824474e-10    1.000000000000000    0.000000000000000
   pp_main_034                      -5.472357032303504e-11    1.000000000000000    0.000000000000000
   pp_main_035                      -1.198887639773325e-10    1.000000000000000    0.000000000000000
  pp_upper_001                      2.332031935954936e-11    1.000000000000000    0.000000000000000
  pp_upper_002                      7.882216674270212e-11    1.000000000000000    0.000000000000000
  pp_upper_003                      -3.135367876533962e-11    1.000000000000000    0.000000000000000
  pp_upper_004                      -1.241049287311054e-10    1.000000000000000    0.000000000000000
  pp_upper_005                      -1.182958924427891e-10    1.000000000000000    0.000000000000000
  pp_upper_006                      -8.806651530342810e-12    1.000000000000000    0.000000000000000
  pp_upper_007                      2.732285106535981e-11    1.000000000000000    0.000000000000000
  pp_upper_008                      8.474808370958591e-11    1.000000000000000    0.000000000000000
  pp_upper_009                      -6.291892377729734e-11    1.000000000000000    0.000000000000000
  pp_upper_010                      -8.636529706138187e-11    1.000000000000000    0.000000000000000
  pp_upper_011                      3.059689881715566e-11    1.000000000000000    0.000000000000000
  pp_upper_012                      3.259932879975359e-11    1.000000000000000    0.000000000000000
  pp_upper_013                      3.543722651060794e-11    1.000000000000000    0.000000000000000
  pp_upper_014                      2.935627156453649e-12    1.000000000000000    0.000000000000000
  pp_upper_015                      -2.129791507253503e-11    1.000000000000000    0.000000000000000
      rch_mult                      1.000000000018321    1.000000000000000    0.000000000000000
riverbedk_mult                      1.000000000035715    1.000000000000000    0.000000000000000
